# extracted cell cycle gene symbols from Seurat::cc.genes and Seurat::cc.genes.updated.2019
# converted to ensemblIDs using https://biit.cs.ut.ee/gprofiler/convert
# found mice orthologs using https://www.genenames.org/tools/hcop/

human_cc_genes <-
  structure(
    list(
      X = 1:103,
      ensembl_id = c(
        "ENSG00000100297",
        "ENSG00000132646",
        "ENSG00000176890",
        "ENSG00000168496",
        "ENSG00000166508",
        "ENSG00000104738",
        "ENSG00000167325",
        "ENSG00000076248",
        "ENSG00000131153",
        "ENSG00000076003",
        "ENSG00000144354",
        "ENSG00000143476",
        "ENSG00000198056",
        "ENSG00000276043",
        "ENSG00000151725",
        "ENSG00000119969",
        "ENSG00000049541",
        "ENSG00000125630",
        "ENSG00000132780",
        "ENSG00000111247",
        "ENSG00000112312",
        "ENSG00000092470",
        "ENSG00000163950",
        "ENSG00000175305",
        "ENSG00000012963",
        "ENSG00000077514",
        "ENSG00000095002",
        "ENSG00000156802",
        "ENSG00000051180",
        "ENSG00000171848",
        "ENSG00000093009",
        "ENSG00000094804",
        "ENSG00000174371",
        "ENSG00000075131",
        "ENSG00000136982",
        "ENSG00000197299",
        "ENSG00000118412",
        "ENSG00000162607",
        "ENSG00000092853",
        "ENSG00000101868",
        "ENSG00000159259",
        "ENSG00000171421",
        "ENSG00000129173",
        "ENSG00000164104",
        "ENSG00000170312",
        "ENSG00000137804",
        "ENSG00000175063",
        "ENSG00000089685",
        "ENSG00000088325",
        "ENSG00000131747",
        "ENSG00000080986",
        "ENSG00000123975",
        "ENSG00000143228",
        "ENSG00000173207",
        "ENSG00000148773",
        "ENSG00000120802",
        "ENSG00000117724",
        "ENSG00000013810",
        "ENSG00000129195",
        "ENSG00000113810",
        "ENSG00000157456",
        "ENSG00000169607",
        "ENSG00000136108",
        "ENSG00000178999",
        "ENSG00000169679",
        "ENSG00000138160",
        "ENSG00000143401",
        "ENSG00000188229",
        "ENSG00000075218",
        "ENSG00000138182",
        "ENSG00000123485",
        "ENSG00000111665",
        "ENSG00000189159",
        "ENSG00000117399",
        "ENSG00000112742",
        "ENSG00000158402",
        "ENSG00000142945",
        "ENSG00000100401",
        "ENSG00000010292",
        "ENSG00000126787",
        "ENSG00000184661",
        "ENSG00000134690",
        "ENSG00000114346",
        "ENSG00000137807",
        "ENSG00000072571",
        "ENSG00000087586",
        "ENSG00000134222",
        "ENSG00000011426",
        "ENSG00000143815",
        "ENSG00000175216",
        "ENSG00000138778",
        "ENSG00000102974",
        "ENSG00000117650",
        "ENSG00000092140",
        "ENSG00000139354",
        "ENSG00000094916",
        "ENSG00000115163",
        "ENSG00000073111",
        "ENSG00000117748",
        "ENSG00000136492",
        "ENSG00000129195",
        NA,
        NA
      ),
      symbol = c(
        "MCM5",
        "PCNA",
        "TYMS",
        "FEN1",
        "MCM7",
        "MCM4",
        "RRM1",
        "UNG",
        "GINS2",
        "MCM6",
        "CDCA7",
        "DTL",
        "PRIM1",
        "UHRF1",
        "CENPU",
        "HELLS",
        "RFC2",
        "POLR1B",
        "NASP",
        "RAD51AP1",
        "GMNN",
        "WDR76",
        "SLBP",
        "CCNE2",
        "UBR7",
        "POLD3",
        "MSH2",
        "ATAD2",
        "RAD51",
        "RRM2",
        "CDC45",
        "CDC6",
        "EXO1",
        "TIPIN",
        "DSCC1",
        "BLM",
        "CASP8AP2",
        "USP1",
        "CLSPN",
        "POLA1",
        "CHAF1B",
        "MRPL36",
        "E2F8",
        "HMGB2",
        "CDK1",
        "NUSAP1",
        "UBE2C",
        "BIRC5",
        "TPX2",
        "TOP2A",
        "NDC80",
        "CKS2",
        "NUF2",
        "CKS1B",
        "MKI67",
        "TMPO",
        "CENPF",
        "TACC3",
        "PIMREG",
        "SMC4",
        "CCNB2",
        "CKAP2L",
        "CKAP2",
        "AURKB",
        "BUB1",
        "KIF11",
        "ANP32E",
        "TUBB4B",
        "GTSE1",
        "KIF20B",
        "HJURP",
        "CDCA3",
        "JPT1",
        "CDC20",
        "TTK",
        "CDC25C",
        "KIF2C",
        "RANGAP1",
        "NCAPD2",
        "DLGAP5",
        "CDCA2",
        "CDCA8",
        "ECT2",
        "KIF23",
        "HMMR",
        "AURKA",
        "PSRC1",
        "ANLN",
        "LBR",
        "CKAP5",
        "CENPE",
        "CTCF",
        "NEK2",
        "G2E3",
        "GAS2L3",
        "CBX5",
        "CENPA",
        "MCM2",
        "RPA2",
        "BRIP1",
        "FAM64A",
        "MLF1IP",
        "HN1"

      )
    ),
    class = "data.frame",
    row.names = c(NA, -103L)
  )

